136 1 -1.50987636313461126569279713294235989451408386230e-01
176 1 1.84921333218449945867689621081808581948280334473e-01
137 2 -1.50987636313461126569279713294235989451408386230e-01
177 2 1.84921333218449945867689621081808581948280334473e-01
138 3 -1.50987636313461126569279713294235989451408386230e-01
178 3 1.84921333218449945867689621081808581948280334473e-01
131 4 1.06764381512576556065852173560415394604206085205e-01
155 4 -1.27607843241723556415578855194326024502515792847e-01
211 4 1.71203887170378599158482302300399169325828552246e-01
132 5 1.06764381512576556065852173560415394604206085205e-01
156 5 -1.27607843241723556415578855194326024502515792847e-01
212 5 1.71203887170378599158482302300399169325828552246e-01
133 6 1.06764381512576556065852173560415394604206085205e-01
157 6 -1.27607843241723556415578855194326024502515792847e-01
213 6 1.71203887170378599158482302300399169325828552246e-01
134 7 1.06764381512576556065852173560415394604206085205e-01
158 7 -1.27607843241723556415578855194326024502515792847e-01
214 7 1.71203887170378599158482302300399169325828552246e-01
135 8 1.06764381512576556065852173560415394604206085205e-01
159 8 -1.27607843241723556415578855194326024502515792847e-01
215 8 1.71203887170378599158482302300399169325828552246e-01
144 9 1.21059429583671260277633052737655816599726676941e-01
184 9 -1.23280888812299954659934542178234551101922988892e-01
243 9 1.64741017240213977190776972747698891907930374146e-01
145 10 1.21059429583671260277633052737655816599726676941e-01
185 10 -1.23280888812299954659934542178234551101922988892e-01
244 10 1.64741017240213977190776972747698891907930374146e-01
146 11 1.21059429583671260277633052737655816599726676941e-01
186 11 -1.23280888812299954659934542178234551101922988892e-01
245 11 1.64741017240213977190776972747698891907930374146e-01
147 12 1.21059429583671260277633052737655816599726676941e-01
187 12 -1.23280888812299954659934542178234551101922988892e-01
246 12 1.64741017240213977190776972747698891907930374146e-01
148 13 1.21059429583671260277633052737655816599726676941e-01
188 13 -1.23280888812299954659934542178234551101922988892e-01
247 13 1.64741017240213977190776972747698891907930374146e-01
149 14 1.21059429583671260277633052737655816599726676941e-01
189 14 -1.23280888812299954659934542178234551101922988892e-01
248 14 1.64741017240213977190776972747698891907930374146e-01
150 15 1.21059429583671260277633052737655816599726676941e-01
190 15 -1.23280888812299954659934542178234551101922988892e-01
249 15 1.64741017240213977190776972747698891907930374146e-01
167 16 1.27607843241723556415578855194326024502515792847e-01
223 16 -1.21669304625299359856605008189944783225655555725e-01
168 17 1.27607843241723556415578855194326024502515792847e-01
224 17 -1.21669304625299359856605008189944783225655555725e-01
169 18 1.27607843241723556415578855194326024502515792847e-01
225 18 -1.21669304625299359856605008189944783225655555725e-01
170 19 1.27607843241723556415578855194326024502515792847e-01
226 19 -1.21669304625299359856605008189944783225655555725e-01
171 20 1.27607843241723556415578855194326024502515792847e-01
227 20 -1.21669304625299359856605008189944783225655555725e-01
172 21 1.27607843241723556415578855194326024502515792847e-01
228 21 -1.21669304625299359856605008189944783225655555725e-01
173 22 1.27607843241723556415578855194326024502515792847e-01
229 22 -1.21669304625299359856605008189944783225655555725e-01
174 23 1.27607843241723556415578855194326024502515792847e-01
230 23 -1.21669304625299359856605008189944783225655555725e-01
175 24 1.27607843241723556415578855194326024502515792847e-01
231 24 -1.21669304625299359856605008189944783225655555725e-01
200 25 1.31417869038693568839448744256515055894851684570e-01
259 25 -1.20886857251342294539142585563240572810173034668e-01
201 26 1.31417869038693568839448744256515055894851684570e-01
260 26 -1.20886857251342294539142585563240572810173034668e-01
202 27 1.31417869038693568839448744256515055894851684570e-01
261 27 -1.20886857251342294539142585563240572810173034668e-01
203 28 1.31417869038693568839448744256515055894851684570e-01
262 28 -1.20886857251342294539142585563240572810173034668e-01
204 29 1.31417869038693568839448744256515055894851684570e-01
263 29 -1.20886857251342294539142585563240572810173034668e-01
205 30 1.31417869038693568839448744256515055894851684570e-01
264 30 -1.20886857251342294539142585563240572810173034668e-01
206 31 1.31417869038693568839448744256515055894851684570e-01
265 31 -1.20886857251342294539142585563240572810173034668e-01
207 32 1.31417869038693568839448744256515055894851684570e-01
266 32 -1.20886857251342294539142585563240572810173034668e-01
208 33 1.31417869038693568839448744256515055894851684570e-01
267 33 -1.20886857251342294539142585563240572810173034668e-01
209 34 1.31417869038693568839448744256515055894851684570e-01
268 34 -1.20886857251342294539142585563240572810173034668e-01
210 35 1.31417869038693568839448744256515055894851684570e-01
269 35 -1.20886857251342294539142585563240572810173034668e-01
48 36 -7.54938181567305632846398566471179947257041931152e-02
298 36 2.46561777624599937075444699985382612794637680054e-01
49 37 -7.54938181567305632846398566471179947257041931152e-02
299 37 2.46561777624599937075444699985382612794637680054e-01
50 38 -7.54938181567305632846398566471179947257041931152e-02
300 38 2.46561777624599937075444699985382612794637680054e-01
39 39 1.06764381512576556065852173560415394604206085205e-01
333 39 2.79574777032300603174519437743583694100379943848e-01
40 40 -5.33821907562882780329260867802076973021030426025e-02
334 40 2.28271849560504780374259325981256552040576934814e-01
41 41 -5.33821907562882780329260867802076973021030426025e-02
335 41 2.28271849560504780374259325981256552040576934814e-01
42 42 -5.33821907562882780329260867802076973021030426025e-02
336 42 2.28271849560504780374259325981256552040576934814e-01
43 43 1.06764381512576573413086933328486338723450899124e-02
63 43 -7.84554772228938657185892679990502074360847473145e-02
277 43 -2.09214605927716984501429919873771723359823226929e-01
337 43 1.36963109736302851571210226211405824869871139526e-01
44 44 1.06764381512576573413086933328486338723450899124e-02
64 44 -7.84554772228938657185892679990502074360847473145e-02
278 44 -2.09214605927716984501429919873771723359823226929e-01
338 44 1.36963109736302851571210226211405824869871139526e-01
45 45 1.06764381512576573413086933328486338723450899124e-02
65 45 -7.84554772228938657185892679990502074360847473145e-02
279 45 -2.09214605927716984501429919873771723359823226929e-01
339 45 1.36963109736302851571210226211405824869871139526e-01
46 46 1.06764381512576573413086933328486338723450899124e-02
66 46 -7.84554772228938657185892679990502074360847473145e-02
280 46 -2.09214605927716984501429919873771723359823226929e-01
340 46 1.36963109736302851571210226211405824869871139526e-01
47 47 1.06764381512576573413086933328486338723450899124e-02
67 47 -7.84554772228938657185892679990502074360847473145e-02
281 47 -2.09214605927716984501429919873771723359823226929e-01
341 47 1.36963109736302851571210226211405824869871139526e-01
36 48 -7.54938181567305632846398566471179947257041931152e-02
48 48 5.33821907562882780329260867802076973021030426025e-02
298 48 -4.98130014113611838122430697239906294271349906921e-02
369 48 2.58835947965933399483873245117138139903545379639e-01
37 49 -7.54938181567305632846398566471179947257041931152e-02
49 49 5.33821907562882780329260867802076973021030426025e-02
299 49 -4.98130014113611838122430697239906294271349906921e-02
370 49 2.58835947965933399483873245117138139903545379639e-01
38 50 -7.54938181567305632846398566471179947257041931152e-02
50 50 5.33821907562882780329260867802076973021030426025e-02
300 50 -4.98130014113611838122430697239906294271349906921e-02
371 50 2.58835947965933399483873245117138139903545379639e-01
51 51 -5.33821907562882780329260867802076973021030426025e-02
301 51 -1.22016436014373202967320253264915663748979568481e-01
372 51 1.92924924890808424660093578495434485375881195068e-01
52 52 -5.33821907562882780329260867802076973021030426025e-02
302 52 -1.22016436014373202967320253264915663748979568481e-01
373 52 1.92924924890808424660093578495434485375881195068e-01
53 53 -5.33821907562882780329260867802076973021030426025e-02
303 53 -1.22016436014373202967320253264915663748979568481e-01
374 53 1.92924924890808424660093578495434485375881195068e-01
54 54 -5.33821907562882780329260867802076973021030426025e-02
304 54 -1.22016436014373202967320253264915663748979568481e-01
375 54 1.92924924890808424660093578495434485375881195068e-01
55 55 -5.33821907562882780329260867802076973021030426025e-02
305 55 -1.22016436014373202967320253264915663748979568481e-01
376 55 1.92924924890808424660093578495434485375881195068e-01
56 56 1.52520545017966503709150316581144579686224460602e-02
84 56 -7.92519999507642763925119311352318618446588516235e-02
270 56 1.61412572778228347036844070316874422132968902588e-01
306 56 -1.59757015447028916099725392996333539485931396484e-01
377 56 1.08156010741806904440487357987876748666167259216e-01
57 57 1.52520545017966503709150316581144579686224460602e-02
85 57 -7.92519999507642763925119311352318618446588516235e-02
271 57 1.61412572778228347036844070316874422132968902588e-01
307 57 -1.59757015447028916099725392996333539485931396484e-01
378 57 1.08156010741806904440487357987876748666167259216e-01
58 58 1.52520545017966503709150316581144579686224460602e-02
86 58 -7.92519999507642763925119311352318618446588516235e-02
272 58 1.61412572778228347036844070316874422132968902588e-01
308 58 -1.59757015447028916099725392996333539485931396484e-01
379 58 1.08156010741806904440487357987876748666167259216e-01
59 59 1.52520545017966503709150316581144579686224460602e-02
87 59 -7.92519999507642763925119311352318618446588516235e-02
273 59 1.61412572778228347036844070316874422132968902588e-01
309 59 -1.59757015447028916099725392996333539485931396484e-01
380 59 1.08156010741806904440487357987876748666167259216e-01
60 60 1.52520545017966503709150316581144579686224460602e-02
88 60 -7.92519999507642763925119311352318618446588516235e-02
274 60 1.61412572778228347036844070316874422132968902588e-01
310 60 -1.59757015447028916099725392996333539485931396484e-01
381 60 1.08156010741806904440487357987876748666167259216e-01
61 61 1.52520545017966503709150316581144579686224460602e-02
89 61 -7.92519999507642763925119311352318618446588516235e-02
275 61 1.61412572778228347036844070316874422132968902588e-01
311 61 -1.59757015447028916099725392996333539485931396484e-01
382 61 1.08156010741806904440487357987876748666167259216e-01
62 62 1.52520545017966503709150316581144579686224460602e-02
90 62 -7.92519999507642763925119311352318618446588516235e-02
276 62 1.61412572778228347036844070316874422132968902588e-01
312 62 -1.59757015447028916099725392996333539485931396484e-01
383 62 1.08156010741806904440487357987876748666167259216e-01
43 63 -7.84554772228938657185892679990502074360847473145e-02
63 63 4.27057526050306293652347733313945354893803596497e-02
277 63 1.22016436014373216845108061079372419044375419617e-02
337 63 -7.45532738752801571457951013144338503479957580566e-02
404 63 2.49065007056805953755684868156095035374164581299e-01
44 64 -7.84554772228938657185892679990502074360847473145e-02
64 64 4.27057526050306293652347733313945354893803596497e-02
278 64 1.22016436014373216845108061079372419044375419617e-02
338 64 -7.45532738752801571457951013144338503479957580566e-02
405 64 2.49065007056805953755684868156095035374164581299e-01
45 65 -7.84554772228938657185892679990502074360847473145e-02
65 65 4.27057526050306293652347733313945354893803596497e-02
279 65 1.22016436014373216845108061079372419044375419617e-02
339 65 -7.45532738752801571457951013144338503479957580566e-02
406 65 2.49065007056805953755684868156095035374164581299e-01
46 66 -7.84554772228938657185892679990502074360847473145e-02
66 66 4.27057526050306293652347733313945354893803596497e-02
280 66 1.22016436014373216845108061079372419044375419617e-02
340 66 -7.45532738752801571457951013144338503479957580566e-02
407 66 2.49065007056805953755684868156095035374164581299e-01
47 67 -7.84554772228938657185892679990502074360847473145e-02
67 67 4.27057526050306293652347733313945354893803596497e-02
281 67 1.22016436014373216845108061079372419044375419617e-02
341 67 -7.45532738752801571457951013144338503479957580566e-02
408 67 2.49065007056805953755684868156095035374164581299e-01
68 68 -5.33821907562882780329260867802076973021030426025e-02
282 68 6.10082180071866014836601266324578318744897842407e-02
342 68 -1.31792813792171170650391331946593709290027618408e-01
409 68 1.76115555446142796336417291058751288801431655884e-01
69 69 -5.33821907562882780329260867802076973021030426025e-02
283 69 6.10082180071866014836601266324578318744897842407e-02
343 69 -1.31792813792171170650391331946593709290027618408e-01
410 69 1.76115555446142796336417291058751288801431655884e-01
70 70 -5.33821907562882780329260867802076973021030426025e-02
284 70 6.10082180071866014836601266324578318744897842407e-02
344 70 -1.31792813792171170650391331946593709290027618408e-01
411 70 1.76115555446142796336417291058751288801431655884e-01
71 71 -5.33821907562882780329260867802076973021030426025e-02
285 71 6.10082180071866014836601266324578318744897842407e-02
345 71 -1.31792813792171170650391331946593709290027618408e-01
412 71 1.76115555446142796336417291058751288801431655884e-01
72 72 -5.33821907562882780329260867802076973021030426025e-02
286 72 6.10082180071866014836601266324578318744897842407e-02
346 72 -1.31792813792171170650391331946593709290027618408e-01
413 72 1.76115555446142796336417291058751288801431655884e-01
73 73 -5.33821907562882780329260867802076973021030426025e-02
287 73 6.10082180071866014836601266324578318744897842407e-02
347 73 -1.31792813792171170650391331946593709290027618408e-01
414 73 1.76115555446142796336417291058751288801431655884e-01
74 74 -5.33821907562882780329260867802076973021030426025e-02
288 74 6.10082180071866014836601266324578318744897842407e-02
348 74 -1.31792813792171170650391331946593709290027618408e-01
415 74 1.76115555446142796336417291058751288801431655884e-01
75 75 1.77940635854294260109753622600692324340343475342e-02
111 75 -7.95774715459476728041110504818789195269346237183e-02
289 75 1.83024654021559846084343803340743761509656906128e-01
349 75 -1.45702437804602652482444113957171794027090072632e-01
416 75 9.46592667661045050753187979353242553770542144775e-02
76 76 1.77940635854294260109753622600692324340343475342e-02
112 76 -7.95774715459476728041110504818789195269346237183e-02
290 76 1.83024654021559846084343803340743761509656906128e-01
350 76 -1.45702437804602652482444113957171794027090072632e-01
417 76 9.46592667661045050753187979353242553770542144775e-02
77 77 1.77940635854294260109753622600692324340343475342e-02
113 77 -7.95774715459476728041110504818789195269346237183e-02
291 77 1.83024654021559846084343803340743761509656906128e-01
351 77 -1.45702437804602652482444113957171794027090072632e-01
418 77 9.46592667661045050753187979353242553770542144775e-02
78 78 1.77940635854294260109753622600692324340343475342e-02
114 78 -7.95774715459476728041110504818789195269346237183e-02
292 78 1.83024654021559846084343803340743761509656906128e-01
352 78 -1.45702437804602652482444113957171794027090072632e-01
419 78 9.46592667661045050753187979353242553770542144775e-02
79 79 1.77940635854294260109753622600692324340343475342e-02
115 79 -7.95774715459476728041110504818789195269346237183e-02
293 79 1.83024654021559846084343803340743761509656906128e-01
353 79 -1.45702437804602652482444113957171794027090072632e-01
420 79 9.46592667661045050753187979353242553770542144775e-02
80 80 1.77940635854294260109753622600692324340343475342e-02
116 80 -7.95774715459476728041110504818789195269346237183e-02
294 80 1.83024654021559846084343803340743761509656906128e-01
354 80 -1.45702437804602652482444113957171794027090072632e-01
421 80 9.46592667661045050753187979353242553770542144775e-02
81 81 1.77940635854294260109753622600692324340343475342e-02
117 81 -7.95774715459476728041110504818789195269346237183e-02
295 81 1.83024654021559846084343803340743761509656906128e-01
355 81 -1.45702437804602652482444113957171794027090072632e-01
422 81 9.46592667661045050753187979353242553770542144775e-02
82 82 1.77940635854294260109753622600692324340343475342e-02
118 82 -7.95774715459476728041110504818789195269346237183e-02
296 82 1.83024654021559846084343803340743761509656906128e-01
356 82 -1.45702437804602652482444113957171794027090072632e-01
423 82 9.46592667661045050753187979353242553770542144775e-02
83 83 1.77940635854294260109753622600692324340343475342e-02
119 83 -7.95774715459476728041110504818789195269346237183e-02
297 83 1.83024654021559846084343803340743761509656906128e-01
357 83 -1.45702437804602652482444113957171794027090072632e-01
424 83 9.46592667661045050753187979353242553770542144775e-02
56 84 -7.92519999507642763925119311352318618446588516235e-02
84 84 3.81301362544916311314580070757074281573295593262e-02
306 84 2.30589389683183293433543781247863080352544784546e-02
377 84 -8.51507753403522027468852684251032769680023193359e-02
57 85 -7.92519999507642763925119311352318618446588516235e-02
85 85 3.81301362544916311314580070757074281573295593262e-02
307 85 2.30589389683183293433543781247863080352544784546e-02
378 85 -8.51507753403522027468852684251032769680023193359e-02
58 86 -7.92519999507642763925119311352318618446588516235e-02
86 86 3.81301362544916311314580070757074281573295593262e-02
308 86 2.30589389683183293433543781247863080352544784546e-02
379 86 -8.51507753403522027468852684251032769680023193359e-02
59 87 -7.92519999507642763925119311352318618446588516235e-02
87 87 3.81301362544916311314580070757074281573295593262e-02
309 87 2.30589389683183293433543781247863080352544784546e-02
380 87 -8.51507753403522027468852684251032769680023193359e-02
60 88 -7.92519999507642763925119311352318618446588516235e-02
88 88 3.81301362544916311314580070757074281573295593262e-02
310 88 2.30589389683183293433543781247863080352544784546e-02
381 88 -8.51507753403522027468852684251032769680023193359e-02
61 89 -7.92519999507642763925119311352318618446588516235e-02
89 89 3.81301362544916311314580070757074281573295593262e-02
311 89 2.30589389683183293433543781247863080352544784546e-02
382 89 -8.51507753403522027468852684251032769680023193359e-02
62 90 -7.92519999507642763925119311352318618446588516235e-02
90 90 3.81301362544916311314580070757074281573295593262e-02
312 90 2.30589389683183293433543781247863080352544784546e-02
383 90 -8.51507753403522027468852684251032769680023193359e-02
91 91 -5.33821907562882780329260867802076973021030426025e-02
313 91 7.87612707745417167659596202611282933503389358521e-02
384 91 -1.35172665296941968415822543647664133459329605103e-01
92 92 -5.33821907562882780329260867802076973021030426025e-02
314 92 7.87612707745417167659596202611282933503389358521e-02
385 92 -1.35172665296941968415822543647664133459329605103e-01
93 93 -5.33821907562882780329260867802076973021030426025e-02
315 93 7.87612707745417167659596202611282933503389358521e-02
386 93 -1.35172665296941968415822543647664133459329605103e-01
94 94 -5.33821907562882780329260867802076973021030426025e-02
316 94 7.87612707745417167659596202611282933503389358521e-02
387 94 -1.35172665296941968415822543647664133459329605103e-01
95 95 -5.33821907562882780329260867802076973021030426025e-02
317 95 7.87612707745417167659596202611282933503389358521e-02
388 95 -1.35172665296941968415822543647664133459329605103e-01
96 96 -5.33821907562882780329260867802076973021030426025e-02
318 96 7.87612707745417167659596202611282933503389358521e-02
389 96 -1.35172665296941968415822543647664133459329605103e-01
97 97 -5.33821907562882780329260867802076973021030426025e-02
319 97 7.87612707745417167659596202611282933503389358521e-02
390 97 -1.35172665296941968415822543647664133459329605103e-01
98 98 -5.33821907562882780329260867802076973021030426025e-02
320 98 7.87612707745417167659596202611282933503389358521e-02
391 98 -1.35172665296941968415822543647664133459329605103e-01
99 99 -5.33821907562882780329260867802076973021030426025e-02
321 99 7.87612707745417167659596202611282933503389358521e-02
392 99 -1.35172665296941968415822543647664133459329605103e-01
100 100 1.94117057295593760379848191632845555432140827179e-02
322 100 1.92924924890808424660093578495434485375881195068e-01
393 100 -1.38544072487539443594428689721098635345697402954e-01
101 101 1.94117057295593760379848191632845555432140827179e-02
323 101 1.92924924890808424660093578495434485375881195068e-01
394 101 -1.38544072487539443594428689721098635345697402954e-01
102 102 1.94117057295593760379848191632845555432140827179e-02
324 102 1.92924924890808424660093578495434485375881195068e-01
395 102 -1.38544072487539443594428689721098635345697402954e-01
103 103 1.94117057295593760379848191632845555432140827179e-02
325 103 1.92924924890808424660093578495434485375881195068e-01
396 103 -1.38544072487539443594428689721098635345697402954e-01
104 104 1.94117057295593760379848191632845555432140827179e-02
326 104 1.92924924890808424660093578495434485375881195068e-01
397 104 -1.38544072487539443594428689721098635345697402954e-01
105 105 1.94117057295593760379848191632845555432140827179e-02
327 105 1.92924924890808424660093578495434485375881195068e-01
398 105 -1.38544072487539443594428689721098635345697402954e-01
106 106 1.94117057295593760379848191632845555432140827179e-02
328 106 1.92924924890808424660093578495434485375881195068e-01
399 106 -1.38544072487539443594428689721098635345697402954e-01
107 107 1.94117057295593760379848191632845555432140827179e-02
329 107 1.92924924890808424660093578495434485375881195068e-01
400 107 -1.38544072487539443594428689721098635345697402954e-01
108 108 1.94117057295593760379848191632845555432140827179e-02
330 108 1.92924924890808424660093578495434485375881195068e-01
401 108 -1.38544072487539443594428689721098635345697402954e-01
109 109 1.94117057295593760379848191632845555432140827179e-02
331 109 1.92924924890808424660093578495434485375881195068e-01
402 109 -1.38544072487539443594428689721098635345697402954e-01
110 110 1.94117057295593760379848191632845555432140827179e-02
332 110 1.92924924890808424660093578495434485375881195068e-01
403 110 -1.38544072487539443594428689721098635345697402954e-01
75 111 -7.95774715459476728041110504818789195269346237183e-02
111 111 3.55881271708588520219507245201384648680686950684e-02
349 111 2.96182323107751638291418316839553881436586380005e-02
416 111 -9.11785776200045999795307238855457399040460586548e-02
76 112 -7.95774715459476728041110504818789195269346237183e-02
112 112 3.55881271708588520219507245201384648680686950684e-02
350 112 2.96182323107751638291418316839553881436586380005e-02
417 112 -9.11785776200045999795307238855457399040460586548e-02
77 113 -7.95774715459476728041110504818789195269346237183e-02
113 113 3.55881271708588520219507245201384648680686950684e-02
351 113 2.96182323107751638291418316839553881436586380005e-02
418 113 -9.11785776200045999795307238855457399040460586548e-02
78 114 -7.95774715459476728041110504818789195269346237183e-02
114 114 3.55881271708588520219507245201384648680686950684e-02
352 114 2.96182323107751638291418316839553881436586380005e-02
419 114 -9.11785776200045999795307238855457399040460586548e-02
79 115 -7.95774715459476728041110504818789195269346237183e-02
115 115 3.55881271708588520219507245201384648680686950684e-02
353 115 2.96182323107751638291418316839553881436586380005e-02
420 115 -9.11785776200045999795307238855457399040460586548e-02
80 116 -7.95774715459476728041110504818789195269346237183e-02
116 116 3.55881271708588520219507245201384648680686950684e-02
354 116 2.96182323107751638291418316839553881436586380005e-02
421 116 -9.11785776200045999795307238855457399040460586548e-02
81 117 -7.95774715459476728041110504818789195269346237183e-02
117 117 3.55881271708588520219507245201384648680686950684e-02
355 117 2.96182323107751638291418316839553881436586380005e-02
422 117 -9.11785776200045999795307238855457399040460586548e-02
82 118 -7.95774715459476728041110504818789195269346237183e-02
118 118 3.55881271708588520219507245201384648680686950684e-02
356 118 2.96182323107751638291418316839553881436586380005e-02
423 118 -9.11785776200045999795307238855457399040460586548e-02
83 119 -7.95774715459476728041110504818789195269346237183e-02
119 119 3.55881271708588520219507245201384648680686950684e-02
357 119 2.96182323107751638291418316839553881436586380005e-02
424 119 -9.11785776200045999795307238855457399040460586548e-02
120 120 -5.33821907562882780329260867802076973021030426025e-02
358 120 8.88546969323254776096376872374094091355800628662e-02
425 120 -1.36767866430006879152614374106633476912975311279e-01
121 121 -5.33821907562882780329260867802076973021030426025e-02
359 121 8.88546969323254776096376872374094091355800628662e-02
426 121 -1.36767866430006879152614374106633476912975311279e-01
122 122 -5.33821907562882780329260867802076973021030426025e-02
360 122 8.88546969323254776096376872374094091355800628662e-02
427 122 -1.36767866430006879152614374106633476912975311279e-01
123 123 -5.33821907562882780329260867802076973021030426025e-02
361 123 8.88546969323254776096376872374094091355800628662e-02
428 123 -1.36767866430006879152614374106633476912975311279e-01
124 124 -5.33821907562882780329260867802076973021030426025e-02
362 124 8.88546969323254776096376872374094091355800628662e-02
429 124 -1.36767866430006879152614374106633476912975311279e-01
125 125 -5.33821907562882780329260867802076973021030426025e-02
363 125 8.88546969323254776096376872374094091355800628662e-02
430 125 -1.36767866430006879152614374106633476912975311279e-01
126 126 -5.33821907562882780329260867802076973021030426025e-02
364 126 8.88546969323254776096376872374094091355800628662e-02
431 126 -1.36767866430006879152614374106633476912975311279e-01
127 127 -5.33821907562882780329260867802076973021030426025e-02
365 127 8.88546969323254776096376872374094091355800628662e-02
432 127 -1.36767866430006879152614374106633476912975311279e-01
128 128 -5.33821907562882780329260867802076973021030426025e-02
366 128 8.88546969323254776096376872374094091355800628662e-02
433 128 -1.36767866430006879152614374106633476912975311279e-01
129 129 -5.33821907562882780329260867802076973021030426025e-02
367 129 8.88546969323254776096376872374094091355800628662e-02
434 129 -1.36767866430006879152614374106633476912975311279e-01
130 130 -5.33821907562882780329260867802076973021030426025e-02
368 130 8.88546969323254776096376872374094091355800628662e-02
435 130 -1.36767866430006879152614374106633476912975311279e-01
155 131 -6.38039216208617782077894275971630122512578964233e-02
472 131 2.85339811950630961590036349662113934755325317383e-01
156 132 -6.38039216208617782077894275971630122512578964233e-02
473 132 2.85339811950630961590036349662113934755325317383e-01
157 133 -6.38039216208617782077894275971630122512578964233e-02
474 133 2.85339811950630961590036349662113934755325317383e-01
158 134 -6.38039216208617782077894275971630122512578964233e-02
475 134 2.85339811950630961590036349662113934755325317383e-01
159 135 -6.38039216208617782077894275971630122512578964233e-02
476 135 2.85339811950630961590036349662113934755325317383e-01
136 136 5.33821907562882780329260867802076973021030426025e-02
176 136 -1.86798755292604430622294131580929388292133808136e-02
504 136 3.23544934957416763232629364210879430174827575684e-01
137 137 5.33821907562882780329260867802076973021030426025e-02
177 137 -1.86798755292604430622294131580929388292133808136e-02
505 137 3.23544934957416763232629364210879430174827575684e-01
138 138 5.33821907562882780329260867802076973021030426025e-02
178 138 -1.86798755292604430622294131580929388292133808136e-02
506 138 3.23544934957416763232629364210879430174827575684e-01
139 139 -5.33821907562882780329260867802076973021030426025e-02
179 139 -4.57561635053899545821920469279575627297163009644e-02
507 139 2.41156156113510544702904780933749862015247344971e-01
140 140 -5.33821907562882780329260867802076973021030426025e-02
180 140 -4.57561635053899545821920469279575627297163009644e-02
508 140 2.41156156113510544702904780933749862015247344971e-01
141 141 -5.33821907562882780329260867802076973021030426025e-02
181 141 -4.57561635053899545821920469279575627297163009644e-02
509 141 2.41156156113510544702904780933749862015247344971e-01
142 142 -5.33821907562882780329260867802076973021030426025e-02
182 142 -4.57561635053899545821920469279575627297163009644e-02
510 142 2.41156156113510544702904780933749862015247344971e-01
143 143 -5.33821907562882780329260867802076973021030426025e-02
183 143 -4.57561635053899545821920469279575627297163009644e-02
511 143 2.41156156113510544702904780933749862015247344971e-01
144 144 1.52520545017966503709150316581144579686224460602e-02
184 144 -5.99088807926358435373970223736250773072242736816e-02
445 144 -2.64173333169214263893564975660410709679126739502e-01
512 144 1.35195013427258620142268341624003369361162185669e-01
145 145 1.52520545017966503709150316581144579686224460602e-02
185 145 -5.99088807926358435373970223736250773072242736816e-02
446 145 -2.64173333169214263893564975660410709679126739502e-01
513 145 1.35195013427258620142268341624003369361162185669e-01
146 146 1.52520545017966503709150316581144579686224460602e-02
186 146 -5.99088807926358435373970223736250773072242736816e-02
447 146 -2.64173333169214263893564975660410709679126739502e-01
514 146 1.35195013427258620142268341624003369361162185669e-01
147 147 1.52520545017966503709150316581144579686224460602e-02
187 147 -5.99088807926358435373970223736250773072242736816e-02
448 147 -2.64173333169214263893564975660410709679126739502e-01
515 147 1.35195013427258620142268341624003369361162185669e-01
148 148 1.52520545017966503709150316581144579686224460602e-02
188 148 -5.99088807926358435373970223736250773072242736816e-02
449 148 -2.64173333169214263893564975660410709679126739502e-01
516 148 1.35195013427258620142268341624003369361162185669e-01
149 149 1.52520545017966503709150316581144579686224460602e-02
189 149 -5.99088807926358435373970223736250773072242736816e-02
450 149 -2.64173333169214263893564975660410709679126739502e-01
517 149 1.35195013427258620142268341624003369361162185669e-01
150 150 1.52520545017966503709150316581144579686224460602e-02
190 150 -5.99088807926358435373970223736250773072242736816e-02
451 150 -2.64173333169214263893564975660410709679126739502e-01
518 150 1.35195013427258620142268341624003369361162185669e-01
151 151 7.62602725089832622629160141514148563146591186523e-02
539 151 3.41046306625489958896935149823548272252082824707e-01
152 152 3.81301362544916311314580070757074281573295593262e-02
540 152 3.11331258821007428316818277380662038922309875488e-01
153 153 3.81301362544916311314580070757074281573295593262e-02
541 153 3.11331258821007428316818277380662038922309875488e-01
154 154 3.81301362544916311314580070757074281573295593262e-02
542 154 3.11331258821007428316818277380662038922309875488e-01
131 155 -6.38039216208617782077894275971630122512578964233e-02
155 155 -1.63414869662106970737980304875236470252275466919e-02
211 155 -2.92325405678991456781545821286272257566452026367e-02
472 155 -9.74418018929971430086567352191195823252201080322e-02
543 155 2.55494560017546057384407731660758145153522491455e-01
132 156 -6.38039216208617782077894275971630122512578964233e-02
156 156 -1.63414869662106970737980304875236470252275466919e-02
212 156 -2.92325405678991456781545821286272257566452026367e-02
473 156 -9.74418018929971430086567352191195823252201080322e-02
544 156 2.55494560017546057384407731660758145153522491455e-01
133 157 -6.38039216208617782077894275971630122512578964233e-02
157 157 -1.63414869662106970737980304875236470252275466919e-02
213 157 -2.92325405678991456781545821286272257566452026367e-02
474 157 -9.74418018929971430086567352191195823252201080322e-02
545 157 2.55494560017546057384407731660758145153522491455e-01
134 158 -6.38039216208617782077894275971630122512578964233e-02
158 158 -1.63414869662106970737980304875236470252275466919e-02
214 158 -2.92325405678991456781545821286272257566452026367e-02
475 158 -9.74418018929971430086567352191195823252201080322e-02
546 158 2.55494560017546057384407731660758145153522491455e-01
135 159 -6.38039216208617782077894275971630122512578964233e-02
159 159 -1.63414869662106970737980304875236470252275466919e-02
215 159 -2.92325405678991456781545821286272257566452026367e-02
476 159 -9.74418018929971430086567352191195823252201080322e-02
547 159 2.55494560017546057384407731660758145153522491455e-01
160 160 -4.35772985765618611764260492691391846165060997009e-02
216 160 -5.16763191671808369553886564062850084155797958374e-02
477 160 -1.72254397223936123184628854687616694718599319458e-01
548 160 1.80661935944680163146358609083108603954315185547e-01
161 161 -4.35772985765618611764260492691391846165060997009e-02
217 161 -5.16763191671808369553886564062850084155797958374e-02
478 161 -1.72254397223936123184628854687616694718599319458e-01
549 161 1.80661935944680163146358609083108603954315185547e-01
162 162 -4.35772985765618611764260492691391846165060997009e-02
218 162 -5.16763191671808369553886564062850084155797958374e-02
479 162 -1.72254397223936123184628854687616694718599319458e-01
550 162 1.80661935944680163146358609083108603954315185547e-01
163 163 -4.35772985765618611764260492691391846165060997009e-02
219 163 -5.16763191671808369553886564062850084155797958374e-02
480 163 -1.72254397223936123184628854687616694718599319458e-01
551 163 1.80661935944680163146358609083108603954315185547e-01
164 164 -4.35772985765618611764260492691391846165060997009e-02
220 164 -5.16763191671808369553886564062850084155797958374e-02
481 164 -1.72254397223936123184628854687616694718599319458e-01
552 164 1.80661935944680163146358609083108603954315185547e-01
165 165 -4.35772985765618611764260492691391846165060997009e-02
221 165 -5.16763191671808369553886564062850084155797958374e-02
482 165 -1.72254397223936123184628854687616694718599319458e-01
553 165 1.80661935944680163146358609083108603954315185547e-01
166 166 -4.35772985765618611764260492691391846165060997009e-02
222 166 -5.16763191671808369553886564062850084155797958374e-02
483 166 -1.72254397223936123184628854687616694718599319458e-01
554 166 1.80661935944680163146358609083108603954315185547e-01
167 167 2.17886492882809305882130246345695923082530498505e-02
223 167 -5.71303204080632967554187473524507367983460426331e-02
436 167 2.12679738736205908855581014904601033776998519897e-01
484 167 -1.90434401360211003062516965655959211289882659912e-01
555 167 9.71028728595076107144024035733309574425220489502e-02
168 168 2.17886492882809305882130246345695923082530498505e-02
224 168 -5.71303204080632967554187473524507367983460426331e-02
437 168 2.12679738736205908855581014904601033776998519897e-01
485 168 -1.90434401360211003062516965655959211289882659912e-01
556 168 9.71028728595076107144024035733309574425220489502e-02
169 169 2.17886492882809305882130246345695923082530498505e-02
225 169 -5.71303204080632967554187473524507367983460426331e-02
438 169 2.12679738736205908855581014904601033776998519897e-01
486 169 -1.90434401360211003062516965655959211289882659912e-01
557 169 9.71028728595076107144024035733309574425220489502e-02
170 170 2.17886492882809305882130246345695923082530498505e-02
226 170 -5.71303204080632967554187473524507367983460426331e-02
439 170 2.12679738736205908855581014904601033776998519897e-01
487 170 -1.90434401360211003062516965655959211289882659912e-01
558 170 9.71028728595076107144024035733309574425220489502e-02
171 171 2.17886492882809305882130246345695923082530498505e-02
227 171 -5.71303204080632967554187473524507367983460426331e-02
440 171 2.12679738736205908855581014904601033776998519897e-01
488 171 -1.90434401360211003062516965655959211289882659912e-01
559 171 9.71028728595076107144024035733309574425220489502e-02
172 172 2.17886492882809305882130246345695923082530498505e-02
228 172 -5.71303204080632967554187473524507367983460426331e-02
441 172 2.12679738736205908855581014904601033776998519897e-01
489 172 -1.90434401360211003062516965655959211289882659912e-01
560 172 9.71028728595076107144024035733309574425220489502e-02
173 173 2.17886492882809305882130246345695923082530498505e-02
229 173 -5.71303204080632967554187473524507367983460426331e-02
442 173 2.12679738736205908855581014904601033776998519897e-01
490 173 -1.90434401360211003062516965655959211289882659912e-01
561 173 9.71028728595076107144024035733309574425220489502e-02
174 174 2.17886492882809305882130246345695923082530498505e-02
230 174 -5.71303204080632967554187473524507367983460426331e-02
443 174 2.12679738736205908855581014904601033776998519897e-01
491 174 -1.90434401360211003062516965655959211289882659912e-01
562 174 9.71028728595076107144024035733309574425220489502e-02
175 175 2.17886492882809305882130246345695923082530498505e-02
231 175 -5.71303204080632967554187473524507367983460426331e-02
444 175 2.12679738736205908855581014904601033776998519897e-01
492 175 -1.90434401360211003062516965655959211289882659912e-01
563 175 9.71028728595076107144024035733309574425220489502e-02
136 176 -1.86798755292604430622294131580929388292133808136e-02
176 176 6.10082180071866014836601266324578318744897842407e-02
504 176 -2.93525925743571350357008498122013406828045845032e-02
575 176 3.28171961560590585982311040424974635243415832520e-01
137 177 -1.86798755292604430622294131580929388292133808136e-02
177 177 6.10082180071866014836601266324578318744897842407e-02
505 177 -2.93525925743571350357008498122013406828045845032e-02
576 177 3.28171961560590585982311040424974635243415832520e-01
138 178 -1.86798755292604430622294131580929388292133808136e-02
178 178 6.10082180071866014836601266324578318744897842407e-02
506 178 -2.93525925743571350357008498122013406828045845032e-02
577 178 3.28171961560590585982311040424974635243415832520e-01
139 179 -4.57561635053899545821920469279575627297163009644e-02
179 179 1.52520545017966503709150316581144579686224460602e-02
507 179 -8.03853853711701676898471191634598653763532638550e-02
578 179 2.84205255521241650917829701938899233937263488770e-01
140 180 -4.57561635053899545821920469279575627297163009644e-02
180 180 1.52520545017966503709150316581144579686224460602e-02
508 180 -8.03853853711701676898471191634598653763532638550e-02
579 180 2.84205255521241650917829701938899233937263488770e-01
141 181 -4.57561635053899545821920469279575627297163009644e-02
181 181 1.52520545017966503709150316581144579686224460602e-02
509 181 -8.03853853711701676898471191634598653763532638550e-02
580 181 2.84205255521241650917829701938899233937263488770e-01
142 182 -4.57561635053899545821920469279575627297163009644e-02
182 182 1.52520545017966503709150316581144579686224460602e-02
510 182 -8.03853853711701676898471191634598653763532638550e-02
581 182 2.84205255521241650917829701938899233937263488770e-01
143 183 -4.57561635053899545821920469279575627297163009644e-02
183 183 1.52520545017966503709150316581144579686224460602e-02
511 183 -8.03853853711701676898471191634598653763532638550e-02
582 183 2.84205255521241650917829701938899233937263488770e-01
144 184 -5.99088807926358435373970223736250773072242736816e-02
184 184 -2.79620999199605285712166846678883302956819534302e-02
243 184 -3.39690252322179669919322009263851214200258255005e-02
445 184 2.88236737103979116791929726559828850440680980682e-02
512 184 -1.37675862802440873711162794279516674578189849854e-01
583 184 2.23611499241815947502942663049907423555850982666e-01
145 185 -5.99088807926358435373970223736250773072242736816e-02
185 185 -2.79620999199605285712166846678883302956819534302e-02
244 185 -3.39690252322179669919322009263851214200258255005e-02
446 185 2.88236737103979116791929726559828850440680980682e-02
513 185 -1.37675862802440873711162794279516674578189849854e-01
584 185 2.23611499241815947502942663049907423555850982666e-01
146 186 -5.99088807926358435373970223736250773072242736816e-02
186 186 -2.79620999199605285712166846678883302956819534302e-02
